7.50000000
9.57380952
8.20000000
0.87321429
1.46850294
0.49696262
0.38575581
0.39940000
0.43242123
0.31208426
0.35608365
0.36804671
0.33900415
0.32532228
0.32692308
0.35892857
0.34508507
0.34729167
0.34669421
0.32364185
0.34534413
0.33414634
0.34618321
0.34979381
0.32044968
0.33197674
0.35123711
0.34389002
0.32455268
0.33343434
0.36111111
0.34388560
0.34741551
0.34921875
0.35326087
0.33154158
0.32803922
0.36679842
0.37676660
0.34442060
0.35546448
0.34759825
0.44502573
0.41012397
0.43000000
0.44424658
1.39293831
0.94021739
8.38369565
8.44716981
7.23461538
