11.80454545
7.43392857
8.94603960
0.78707865
1.44201681
0.45483871
0.45490798
0.42645875
0.47326821
0.34469027
0.40052817
0.35081633
0.34024390
0.33714012
0.33951456
0.33403361
0.35674374
0.36051454
0.33415638
0.33585271
0.33326360
0.35142857
0.32818930
0.33343195
0.32204082
0.33678501
0.34369748
0.36560000
0.34596154
0.34320594
0.32222222
0.33131021
0.33377823
0.33284024
0.33421053
0.34186992
0.30909980
0.36162791
0.32231760
0.33874459
0.37045855
0.34433551
0.47344262
0.40689655
0.39568690
0.45245536
1.41013457
0.67741935
8.20714286
7.96818182
7.60833333
