9.98000000
7.89923077
8.49036697
0.73260870
1.37648287
0.43561321
0.39836795
0.40390782
0.44383562
0.35129310
0.38321429
0.34316239
0.34186296
0.36405941
0.35019157
0.33653422
0.33057143
0.32063655
0.32793522
0.33296593
0.33900204
0.33198758
0.32366255
0.32885714
0.37505219
0.35000000
0.34034335
0.33480000
0.35625000
0.34397590
0.30587121
0.33640351
0.33800813
0.34040000
0.35520231
0.37376874
0.32242718
0.32890467
0.31884532
0.30373134
0.39241877
0.33409586
0.41852792
0.41582278
0.39265130
0.45314010
1.20927453
1.27816901
9.22614679
7.91093750
8.15000000
