6.16666667
8.16250000
8.07881356
0.66785714
1.27653061
0.50663717
0.40279503
0.40758197
0.46289199
0.33187500
0.40088968
0.31437768
0.35330189
0.34465649
0.33878327
0.34818548
0.34978947
0.34303279
0.36331967
0.33880309
0.32334711
0.35901961
0.32196468
0.33155340
0.34507187
0.33353909
0.36800000
0.34443299
0.37525458
0.35337711
0.36868365
0.33457031
0.35652632
0.36494949
0.33772636
0.31762887
0.34483101
0.38202147
0.31111111
0.35284360
0.36037037
0.37015504
0.44964539
0.39811133
0.39645892
0.45137363
1.40652879
0.81562500
8.00306122
9.11025641
8.71071429
